3938.058321
4258.997440
4771.656615
5420.148791
6147.218777
6889.412233
7600.557041
8223.947368
8748.137411
9137.930868
9413.799147
9598.609673
9683.055761
9724.477952
9715.659744
9686.835846
9655.944808
9634.689331
9616.170982
9621.949075
9630.695590
9656.719203
9689.541963
9704.926885
9716.813940
9716.063442
9707.545092
9697.085633
9669.208250
9645.864011
9631.908393
9617.257468
9615.788905
9615.378094
9635.816785
9658.118065
9685.799431
9718.355619
9753.406828
9777.536273
9792.662873
9790.567283
9779.451778
9773.180939
9753.463442
9746.049787
9732.528307
9719.983499
9722.205974
9728.335989
9733.834708
9759.849218
9781.331152
9814.436700
9851.225036
9874.632432
9892.725747
9908.550213
9913.703272
9920.575249
9926.203129
9924.908677
9943.427312
9946.165861
9953.020768
9941.673969
9949.150782
9952.832432
9952.504694
9954.114936
9946.788336
9932.512945
9919.700996
9892.768706
9863.828165
9848.423613
9829.314083
9829.990896
9830.770982
9834.396586
9851.460028
9872.094737
9884.594595
9909.145092
9920.394879
9936.230725
9941.865434
9930.291038
9909.310384
9877.410811
9849.974395
9822.850071
9800.236984
9786.655761
9790.979801
9793.814509
9811.604552
9828.170697
9852.847795
9878.576671
9893.558179
9905.254623
9908.552205
9898.297866
9883.774964
9853.131152
9829.148506
9820.367568
9818.505832
9839.814225
9866.608250
9899.683073
9930.305263
9941.437553
9900.704694
9813.425036
9628.310669
9348.031579
8944.271977
8408.219346
7768.717496
7037.368990
6276.777809
5522.963300
4849.255192
4312.317781
3967.712945
3836.697866
