3957.830586
4285.700807
4807.680463
5467.773764
6205.639425
6963.911610
7687.278148
8323.223430
8857.564363
9255.702210
9536.504735
9719.518765
9808.390389
9847.876535
9834.513855
9802.360224
9768.351105
9741.273237
9714.765345
9715.289021
9719.301649
9738.891266
9764.621887
9771.382322
9778.191512
9768.675202
9751.431778
9729.323395
9700.946685
9669.682568
9650.703964
9627.681866
9621.340582
9615.813750
9628.044897
9648.530340
9671.431428
9700.588215
9730.104525
9747.548930
9764.840758
9758.411435
9747.561207
9739.451771
9719.821115
9712.531042
9695.871975
9686.235707
9686.373553
9697.075763
9703.378814
9728.873378
9753.378814
9788.622238
9827.236408
9848.646089
9873.548229
9886.122413
9897.607506
9908.850579
9915.250789
9918.414241
9942.970537
9948.468608
9947.003858
9943.498071
9952.595230
9957.988074
9958.490004
9958.201684
9955.414241
9941.428972
9929.836198
9900.552438
9873.835146
9857.688180
9838.327254
9839.289021
9833.529639
9840.256752
9853.198527
9874.027359
9884.325149
9906.164504
9915.336373
9926.116100
9932.967029
9911.657664
9891.972290
9859.666784
9826.068046
9798.404420
9773.001403
9754.157839
9754.680814
9755.970186
9771.585058
9783.801473
9808.559102
9830.347597
9844.404069
9855.202736
9858.078218
9844.689583
9831.763592
9800.146615
9776.139600
9766.620835
9763.303052
9787.495616
9811.747808
9849.553139
9882.620133
9898.609260
9865.093301
9793.267976
9615.588565
9338.312171
8942.281305
8423.187303
7797.209400
7069.352859
6312.490705
5577.683620
4901.675903
4363.059979
4040.078218
3911.397054
