5874.510836
6073.777090
6411.467492
6845.832817
7322.591331
7812.507740
8267.272446
8665.557276
8978.727554
9214.065015
9374.160991
9468.591331
9509.925697
9521.643963
9510.411765
9490.191950
9474.253870
9465.708978
9461.226006
9463.693498
9469.826625
9477.845201
9490.464396
9497.136223
9498.557276
9504.356037
9503.529412
9503.346749
9502.009288
9508.130031
9516.981424
9517.232198
9543.269350
9552.470588
9574.913313
9602.380805
9624.414861
9642.229102
9661.996904
9671.142415
9680.715170
9687.012384
9691.377709
9697.278638
9701.640867
9703.724458
9712.331269
9725.634675
9737.684211
9763.752322
9784.752322
9809.160991
9831.027864
9848.823529
9867.102167
9877.944272
9885.421053
9895.300310
9893.613003
9894.941176
9891.099071
9890.356037
9899.238390
9901.869969
9909.148607
9909.712074
9923.767802
9934.284830
9944.421053
9956.318885
9958.250774
9962.256966
9959.294118
9950.309598
9940.591331
9928.439628
9918.944272
9905.678019
9891.325077
9887.204334
9880.575851
9883.229102
9890.808050
9896.628483
9902.083591
9906.538700
9909.879257
9913.232198
9905.749226
9904.278638
9888.575851
9877.529412
9862.566563
9847.588235
9845.603715
9828.569659
9831.222910
9830.869969
9837.015480
9845.842105
9853.222910
9862.157895
9864.869969
9867.919505
9867.705882
9865.071207
9861.613003
9860.996904
9866.086687
9875.544892
9889.256966
9913.133127
9930.362229
9950.653251
9941.467492
9900.232198
9805.452012
9635.950464
9394.226006
9059.241486
8638.693498
8150.780186
7620.659443
7093.359133
6606.993808
6209.328173
5943.547988
5823.312693
