5591.630418
5713.269202
5993.798479
6395.047909
6881.221293
7406.469202
7921.180989
8395.362738
8800.162738
9120.881369
9361.692015
9521.218251
9620.668441
9669.212167
9686.589354
9692.130798
9687.776426
9688.813688
9696.133080
9704.314829
9722.876046
9740.408365
9762.098859
9782.317871
9797.793156
9812.498099
9819.688213
9824.190875
9828.890494
9829.754373
9836.378707
9842.184791
9855.907224
9868.609125
9889.597719
9906.522433
9924.989354
9942.825095
9952.395437
9960.938403
9963.790875
9960.627376
9956.549049
9946.541445
9939.120913
9926.429658
9915.514068
9912.120152
9909.019772
9914.212928
9920.101901
9925.381749
9931.996958
9935.534601
9940.174144
9937.739163
9932.398479
9925.393156
9910.444106
9894.883650
9879.517871
9860.149049
9846.530798
9830.651711
9823.572624
9815.232700
9815.222814
9812.755894
9814.877567
9817.084411
9813.669202
9810.654753
9803.864639
9792.935361
9781.803802
9764.499620
9749.502662
9730.853232
9715.374144
9704.693536
9696.551331
9696.924715
9702.298099
9707.254753
9716.117110
9723.005323
9732.613688
9738.767300
9741.079087
9742.972624
9737.703422
9729.361217
9721.258555
9709.951331
9703.804563
9696.139163
9698.298859
9699.253232
9709.512548
9718.463878
9729.348289
9742.756654
9748.537643
9754.468441
9755.653992
9753.774144
9751.432700
9744.913308
9743.065399
9742.698859
9747.647148
9761.850951
9774.970342
9789.049430
9789.380228
9761.076046
9690.361217
9559.726236
9357.464639
9068.198479
8692.165779
8238.217490
7724.129278
7184.018251
6662.061597
6199.835741
5847.137643
5635.911787
